%YAML:1.0
R: !!opencv-matrix
   rows: 3
   cols: 3
   dt: d
   data: [ 9.9999295258839338e-01, 2.2556229825651655e-04,
       3.7475185385776690e-03, -2.2479500151340460e-04,
       9.9999995368666839e-01, -2.0516790285666337e-04,
       -3.7475646431612965e-03, 2.0432403351845595e-04,
       9.9999295698066526e-01 ]
T: !!opencv-matrix
   rows: 3
   cols: 1
   dt: d
   data: [ -2.8472627874045124e+00, -4.9660344782845596e-02,
       1.6824547460242555e-02 ]
R1: !!opencv-matrix
   rows: 3
   cols: 3
   dt: d
   data: [ 9.9984165742246167e-01, 1.7662793060706932e-02,
       -2.1646764191154818e-03, -1.7663050628489128e-02,
       9.9984399115930123e-01, -9.9925644999535203e-05,
       2.1625737444677636e-03, 1.3814461170047774e-04,
       9.9999765209267677e-01 ]
R2: !!opencv-matrix
   rows: 3
   cols: 3
   dt: d
   data: [ 9.9983048302194610e-01, 1.7438476957912442e-02,
       -5.9080234842445326e-03, -1.7437773514364853e-02,
       9.9984793592022270e-01, 1.7056063996669522e-04,
       5.9100994038800850e-03, -6.7508951606627595e-05,
       9.9998253293123962e-01 ]
P1: !!opencv-matrix
   rows: 3
   cols: 4
   dt: d
   data: [ 8.2567001420522899e+02, 0., 3.1168378448486328e+02, 0., 0.,
       8.2567001420522899e+02, 2.0363061904907227e+02, 0., 0., 0., 1.,
       0. ]
P2: !!opencv-matrix
   rows: 3
   cols: 4
   dt: d
   data: [ 8.2567001420522899e+02, 0., 3.1168378448486328e+02,
       -2.3512980910692058e+03, 0., 8.2567001420522899e+02,
       2.0363061904907227e+02, 0., 0., 0., 1., 0. ]
Q: !!opencv-matrix
   rows: 4
   cols: 4
   dt: d
   data: [ 1., 0., 0., -3.1168378448486328e+02, 0., 1., 0.,
       -2.0363061904907227e+02, 0., 0., 0., 8.2567001420522899e+02, 0.,
       0., 3.5115497152033665e-01, 0. ]
