%YAML:1.0
M1: !!opencv-matrix
   rows: 3
   cols: 3
   dt: d
   data: [ 8.8064863396141550e+02, 0., 3.0790817322389188e+02, 0.,
       8.8064863396141550e+02, 2.0311243793561616e+02, 0., 0., 1. ]
D1: !!opencv-matrix
   rows: 1
   cols: 12
   dt: d
   data: [ 3.8816913055430176e-02, -1.2285753036111451e+00, 0., 0., 0.,
       0., 0., -1.3873650091025386e-01, 0., 0., 0., 0. ]
M2: !!opencv-matrix
   rows: 3
   cols: 3
   dt: d
   data: [ 8.8064863396141550e+02, 0., 3.0582690048228727e+02, 0.,
       8.8064863396141550e+02, 2.0409715240307096e+02, 0., 0., 1. ]
D2: !!opencv-matrix
   rows: 1
   cols: 12
   dt: d
   data: [ -5.2215304911795976e-02, 8.5612276385969577e-01, 0., 0., 0.,
       0., 0., 5.5745546326546362e+00, 0., 0., 0., 0. ]
